0.835901 -0.120125 0.322687 0.133073 0.468432 -0.238679 0.840175
0.828418 -0.152395 0.313116 0.169274 0.475428 -0.289573 0.813303
0.866482 -0.139026 0.293193 0.147092 0.517778 -0.230305 0.810697
0.861418 -0.0990004 0.313116 0.105957 0.493415 -0.181257 0.844074
0.608195 -0.0539501 0.391599 0.238677 0.133074 -0.840174 0.468436
0.624391 -0.0506517 0.393109 0.211938 0.152009 -0.784475 0.56265
0.63251 -0.0146058 0.396421 0.188068 0.104856 -0.85293 0.475548
0.81808 -0.0886845 0.342938 0.102633 0.432951 -0.206571 0.871406
0.603903 -0.0379881 0.393109 0.240726 0.100372 -0.891036 0.371525
0.674879 0.0539501 0.391599 -0.133074 0.238677 0.468436 0.840174
0.704482 0.0796003 0.383339 -0.139891 0.288964 0.412671 0.852428
0.684582 0.0918993 0.383339 -0.172266 0.270914 0.508173 0.799181
0.447173 0.120125 0.322687 -0.468432 0.133073 0.840175 0.238679
0.483263 0.118246 0.342938 -0.422248 0.140313 0.849861 0.282409
0.454656 0.152395 0.313116 -0.475428 0.169274 0.813303 0.289573
0.598492 -0.0918993 0.383339 0.270914 0.172266 -0.799181 0.508173
0.5931 -0.136793 0.36874 0.307426 0.217273 -0.756559 0.534696
0.619862 -0.0957803 0.384209 0.247591 0.197823 -0.740983 0.592038
0.592602 -0.185415 0.346289 0.346374 0.266818 -0.712473 0.548831
0.620923 -0.146648 0.367531 0.286999 0.249477 -0.69802 0.606762
0.596923 -0.23361 0.315698 0.385292 0.318673 -0.667341 0.551954
0.627013 -0.199107 0.341711 0.327897 0.30485 -0.654873 0.608844
0.605291 -0.277218 0.278395 0.421604 0.370069 -0.622151 0.546102
0.637007 -0.248433 0.307183 0.367527 0.360887 -0.611587 0.600538
0.638398 -0.0532041 0.393134 0.189615 0.178757 -0.702494 0.662264
0.643188 -0.104466 0.382517 0.227864 0.231493 -0.663459 0.674027
0.655809 -0.0647246 0.391116 0.173408 0.21581 -0.601886 0.749058
0.653135 -0.158978 0.362668 0.268853 0.289181 -0.62557 0.67287
0.671968 -0.117997 0.377235 0.21241 0.274141 -0.574471 0.741425
0.682648 -0.0822221 0.38579 0.162462 0.262869 -0.499999 0.809016
0.666596 -0.212296 0.332851 0.310109 0.348866 -0.587555 0.660987
0.690832 -0.172073 0.353206 0.253029 0.335694 -0.546147 0.724575
0.707966 -0.132858 0.367345 0.200225 0.323971 -0.48611 0.786543
0.718921 -0.0992736 0.375888 0.154436 0.316197 -0.410798 0.841079
0.649366 -0.290611 0.266404 0.403349 0.414361 -0.569074 0.58461
0.681686 -0.259845 0.294584 0.3489 0.40695 -0.549472 0.640891
0.710335 -0.222635 0.31935 0.292812 0.396958 -0.516371 0.700033
0.73291 -0.182747 0.33887 0.238679 0.38619 -0.468429 0.757934
0.748898 -0.144673 0.352602 0.189637 0.37688 -0.40752 0.809893
0.759722 -0.1116 0.361237 0.147368 0.370711 -0.338742 0.852121
0.696636 -0.29844 0.251312 0.383048 0.460242 -0.512343 0.615594
0.728522 -0.265804 0.278295 0.329345 0.454312 -0.485819 0.670158
0.755489 -0.227905 0.301818 0.275585 0.445906 -0.447712 0.724413
0.776012 -0.188467 0.320464 0.224866 0.436687 -0.398775 0.774415
0.790304 -0.151155 0.333953 0.179457 0.428414 -0.342153 0.816816
0.79981 -0.118246 0.342938 0.140313 0.422248 -0.28241 0.849861
0.774227 -0.265383 0.259515 0.309019 0.500002 -0.425326 0.688189
0.798606 -0.227315 0.281736 0.258264 0.492374 -0.38609 0.736072
0.816456 -0.188685 0.299647 0.21117 0.483714 -0.339828 0.778425
0.857631 -0.176218 0.279159 0.187784 0.527417 -0.277926 0.780593
0.897001 -0.157887 0.255202 0.162217 0.571022 -0.219913 0.774117
0.842574 -0.216858 0.260687 0.23453 0.537225 -0.324146 0.742505
0.441567 -0.18743 0.283961 0.513921 0.203196 -0.775043 0.306439
0.452544 -0.144379 0.315698 0.473638 0.160215 -0.820361 0.277499
0.409797 -0.156396 0.278396 0.536448 0.164083 -0.791626 0.242134
0.479811 -0.261679 0.246069 0.528978 0.294925 -0.695016 0.387498
0.478982 -0.216742 0.287048 0.490059 0.245031 -0.748225 0.374115
0.437481 -0.231366 0.244938 0.553335 0.249776 -0.724257 0.326931
0.485391 -0.170227 0.320855 0.448962 0.19741 -0.797758 0.350777
0.497584 -0.126691 0.34629 0.409067 0.154372 -0.841431 0.317535
0.525855 -0.285984 0.244938 0.503377 0.339381 -0.658867 0.444214
0.520376 -0.242325 0.287048 0.466073 0.28805 -0.711604 0.439798
0.521415 -0.194364 0.322688 0.425326 0.237136 -0.762864 0.425327
0.528734 -0.146946 0.349895 0.384424 0.189528 -0.810358 0.399521
0.54085 -0.1045 0.36874 0.346445 0.147288 -0.852583 0.362469
0.563326 -0.26268 0.283961 0.443031 0.330343 -0.668135 0.498189
0.559114 -0.21579 0.320855 0.403959 0.278127 -0.717793 0.494203
0.560554 -0.166612 0.349895 0.363325 0.227372 -0.76588 0.479296
0.567426 -0.119917 0.370378 0.324166 0.180736 -0.811036 0.452186
0.578592 -0.0796003 0.383339 0.288964 0.139891 -0.852428 0.412671
0.888527 -0.0720716 0.299648 0.0746739 0.522489 -0.12017 0.840826
0.925407 -0.0828331 0.260687 0.0829349 0.580291 -0.114625 0.802026
0.915096 -0.0388301 0.281737 0.0391659 0.554615 -0.058551 0.82912
0.89579 -0.114476 0.279159 0.117543 0.547372 -0.173967 0.810126
0.650564 0.0146058 0.396421 -0.104856 0.188068 0.475548 0.85293
0.679171 0.0379881 0.393109 -0.100372 0.240726 0.371525 0.891036
0.6231 -0.0298329 0.395217 -0.0727025 0.130397 0.481514 0.863629
0.64542 0.00329898 0.396766 -0.0690303 0.187865 0.33792 0.919647
0.593562 -0.0776272 0.385952 -0.0372893 0.0668809 0.485542 0.870853
0.601109 -0.0232875 0.393994 -0.0347423 0.129918 0.255992 0.957279
0.493567 0 0.36758 0 0 0 1
0.550209 0 0.385935 -0 0.0764785 -0 0.997071
0.689512 0.0776272 0.385952 0.0668809 0.0372893 -0.870853 0.485542
0.600694 0.0816849 0.385935 0.0402076 0.0650576 -0.524189 0.848161
0.659974 0.0298329 0.395217 0.130397 0.0727025 -0.863629 0.481514
0.644285 0.0465724 0.393994 0.0978563 0.0922525 -0.721024 0.679734
0.640323 -0.0049497 0.396766 0.157487 0.123519 -0.770932 0.604653
0.687717 0.026601 0.393134 -0.0673202 0.251742 0.249414 0.932677
0.650396 0.00310402 0.396687 -0.0344722 0.202634 0.16413 0.964786
0.705808 0.0161807 0.391116 -0.0340529 0.274741 0.118197 0.953618
0.612072 0 0.395683 -7.45058e-09 0.156435 0 0.987688
0.674697 0 0.395385 -0 0.235377 -0 0.971904
0.733461 0 0.385791 -0 0.309017 -0 0.951056
0.60181 0.0245527 0.393988 0.0367339 0.129307 -0.270789 0.953207
0.652627 -0.00405345 0.396621 0.0363592 0.205395 -0.170476 0.963031
0.710569 -0.0179116 0.390211 0.0358465 0.280881 -0.121413 0.951357
0.764935 -0.0248183 0.375889 0.0348639 0.350162 -0.0927386 0.931435
0.62836 0.0263529 0.395683 0.0822436 0.133073 -0.519258 0.840178
0.650123 -0.00810771 0.396621 0.0770552 0.193836 -0.361284 0.908826
0.695487 -0.0333434 0.391598 0.074676 0.262868 -0.262868 0.925324
0.746484 -0.0482066 0.379274 0.0723663 0.330912 -0.201009 0.91916
0.794207 -0.0557999 0.361238 0.0695369 0.392819 -0.159839 0.902945
0.642723 -0.00931451 0.396687 0.135856 0.154251 -0.646829 0.734412
0.656368 -0.0296614 0.395385 0.123747 0.200226 -0.51096 0.82675
0.68843 -0.0537354 0.390211 0.117177 0.257779 -0.39688 0.873101
0.731588 -0.0723101 0.379273 0.112414 0.319536 -0.312247 0.887559
0.77668 -0.083524 0.362905 0.107713 0.379163 -0.251145 0.884058
0.421656 0.0990004 0.313116 -0.493415 0.105957 0.844074 0.181257
0.464994 0.0886845 0.342938 -0.432951 0.102633 0.871406 0.206571
0.394547 0.0720716 0.299648 -0.522489 0.0746739 0.840826 0.12017
0.439811 0.0654635 0.333953 -0.458776 0.072577 0.874705 0.138376
0.367978 0.0388301 0.281737 -0.554615 0.0391659 0.82912 0.058551
0.412829 0.0359942 0.320465 -0.489686 0.0382978 0.868406 0.067917
0.34483 0 0.259516 -0.587787 0 -0.809016 0
0.386732 0 0.301819 -0.524193 3.72529e-09 -0.8516 0
0.488867 0.0557999 0.361238 -0.392819 0.0695369 0.902945 0.159839
0.464126 0.0313278 0.352602 -0.420289 0.0368231 0.903183 0.0791313
0.518139 0.0248183 0.375889 -0.350162 0.034864 0.931435 0.0927386
0.437222 0 0.338871 -0.453992 0 -0.891006 5.26836e-09
0.493 0 0.367346 -0.380848 -0 -0.924638 0
0.549613 0 0.385791 -0.309017 -0 -0.951056 0
0.364894 -0.0410694 0.278295 0.559608 0.0413123 -0.825481 0.06094
0.41164 -0.0380308 0.319351 0.491612 0.0403881 -0.866957 0.0712244
0.465588 -0.0328629 0.353208 0.41858 0.0387551 -0.903488 0.0836512
0.522392 -0.0255511 0.377236 0.344864 0.036563 -0.932713 0.0988875
0.577266 -0.0161807 0.391116 0.274741 0.0340529 -0.953618 0.118197
0.349964 -0.0841846 0.251313 0.592885 0.0838775 -0.79301 0.11219
0.391171 -0.0802971 0.294585 0.529598 0.0828476 -0.834049 0.130474
0.440449 -0.0725292 0.332852 0.459795 0.080386 -0.871166 0.152306
0.494159 -0.0607239 0.362669 0.387332 0.0766696 -0.90126 0.178398
0.547365 -0.0452421 0.382518 0.316711 0.0721308 -0.922162 0.210022
0.595357 -0.026601 0.393134 0.251742 0.0673202 -0.932677 0.249414
0.378107 -0.122964 0.266405 0.564528 0.125268 -0.796479 0.176738
0.421359 -0.115156 0.307184 0.500206 0.122909 -0.832379 0.20453
0.469948 -0.102035 0.341712 0.431703 0.118658 -0.862201 0.236986
0.519593 -0.0840216 0.367532 0.363099 0.11298 -0.883113 0.274785
0.565564 -0.062221 0.38421 0.298442 0.106614 -0.893173 0.319074
0.71751 0.0622211 0.38421 -0.106614 0.298442 0.319074 0.893173
0.73571 0.045242 0.382518 -0.0721305 0.316711 0.210021 0.922162
0.760683 0.025551 0.377236 -0.0365627 0.344865 0.0988866 0.932713
0.790075 -2.10903e-07 0.367346 2.70385e-07 0.380848 -6.56413e-07 0.924638
0.818948 -0.0313283 0.352602 0.0368237 0.420289 -0.0791324 0.903183
0.843263 -0.0654635 0.333953 0.072577 0.458776 -0.138376 0.874705
0.742224 0.1045 0.36874 -0.147288 0.346445 0.362469 0.852583
0.763482 0.0840217 0.367531 -0.11298 0.3631 0.274784 0.883113
0.78549 0.126691 0.34629 -0.154372 0.409067 0.317535 0.841431
0.788915 0.0607238 0.362669 -0.0766693 0.387333 0.178397 0.90126
0.813126 0.102035 0.341712 -0.118658 0.431704 0.236985 0.862201
0.83053 0.144379 0.315698 -0.160215 0.473638 0.277499 0.820361
0.817487 0.0328627 0.353207 -0.0387548 0.418581 0.0836505 0.903488
0.842625 0.0725288 0.332852 -0.0803854 0.459796 0.152305 0.871166
0.861715 0.115156 0.307183 -0.122909 0.500207 0.204529 0.832378
0.873277 0.156396 0.278396 -0.164083 0.536448 0.242134 0.791626
0.845852 -5.05094e-07 0.33887 5.61148e-07 0.453992 -1.10134e-06 0.891006
0.871434 0.0380303 0.319351 -0.0403876 0.491612 0.0712234 0.866957
0.891904 0.0802965 0.294585 -0.082847 0.529599 0.130473 0.834049
0.904967 0.122964 0.266404 -0.125268 0.564529 0.176737 0.796479
0.870245 -0.0359947 0.320465 0.0382984 0.489686 -0.0679181 0.868406
0.896342 -5.70796e-07 0.301819 5.87097e-07 0.524193 -9.53856e-07 0.8516
0.91818 0.0410684 0.278296 -0.0413113 0.559607 0.0609387 0.825481
0.93311 0.084184 0.251313 -0.0838769 0.592885 0.112189 0.79301
0.938244 0 0.259516 0 0.587787 -3.72529e-09 0.809016
0.506394 0.083524 0.362905 -0.379163 0.107713 0.884058 0.251145
0.53659 0.0482064 0.379274 -0.330912 0.0723661 0.919161 0.201009
0.572505 0.0179115 0.390211 -0.280881 0.0358462 0.951357 0.121413
0.608377 -7.24758e-08 0.395385 0.235377 2.57234e-07 -0.971904 1.06216e-06
0.632678 -0.00310402 0.396687 0.202634 0.0344722 -0.964786 0.16413
0.637654 -0.00329881 0.396766 0.187865 0.0690303 -0.919647 0.337921
0.523352 0.1116 0.361237 -0.370711 0.147368 0.852121 0.338742
0.551486 0.0723098 0.379273 -0.319536 0.112414 0.88756 0.312247
0.564153 0.0992736 0.375888 -0.316197 0.154436 0.841079 0.410798
0.587587 0.0333431 0.391599 -0.262867 0.0746757 0.925324 0.262867
0.594644 0.0537354 0.390211 -0.257779 0.117177 0.873101 0.39688
0.600426 0.0822221 0.38579 -0.262869 0.162462 0.809016 0.499999
0.630446 0.00405348 0.396621 -0.205395 0.0363589 0.963031 0.170475
0.632951 0.00810758 0.396621 -0.193836 0.0770548 0.908826 0.361283
0.626706 0.0296613 0.395385 -0.200226 0.123746 0.826751 0.510959
0.627265 0.0647249 0.391116 -0.21581 0.173409 0.749058 0.601886
0.671002 9.53516e-08 0.395683 0.156435 2.53046e-07 -0.987688 1.5981e-06
0.681264 -0.0245527 0.393988 -0.129307 0.0367336 0.953207 0.270788
0.654714 -0.0263529 0.395683 -0.133073 0.0822436 0.840178 0.519258
0.640351 0.00931416 0.396687 -0.154251 0.135855 0.734413 0.646829
0.644676 0.0532041 0.393134 -0.178757 0.189615 0.662264 0.702494
0.681965 0.0232875 0.393994 0.129918 0.0347425 -0.957278 0.255994
0.732865 0 0.385935 -0.0764785 -0 -0.997071 0
0.68238 -0.0816849 0.385935 -0.0650576 0.0402076 0.848161 0.524189
0.638789 -0.0465727 0.393994 -0.0922522 0.097856 0.679734 0.721024
0.642751 0.0049497 0.396766 -0.123519 0.157487 0.604653 0.770932
0.658683 0.0506517 0.393109 -0.152009 0.211938 0.56265 0.784475
0.387284 0.114476 0.279159 -0.547372 0.117543 0.810125 0.173968
0.416592 0.139026 0.293193 -0.517778 0.147092 0.810697 0.230305
0.386073 0.157887 0.255202 -0.571022 0.162217 0.774117 0.219913
0.357667 0.0828335 0.260687 -0.580291 0.0829353 0.802026 0.114626
0.686151 0.23361 0.315698 -0.318673 0.385292 0.551954 0.667341
0.719748 0.26268 0.28396 -0.330343 0.443032 0.498189 0.668134
0.677783 0.277218 0.278395 -0.370069 0.421604 0.546102 0.622151
0.690472 0.185415 0.346289 -0.266818 0.346374 0.548831 0.712473
0.72396 0.21579 0.320855 -0.278128 0.403959 0.494203 0.717792
0.689974 0.136793 0.36874 -0.217273 0.307426 0.534696 0.756559
0.72252 0.166612 0.349894 -0.227373 0.363325 0.479296 0.76588
0.715648 0.119917 0.370378 -0.180736 0.324166 0.452187 0.811035
0.762698 0.242325 0.287048 -0.288051 0.466074 0.439798 0.711604
0.757219 0.285984 0.244938 -0.339382 0.503377 0.444214 0.658867
0.803262 0.261679 0.246069 -0.294926 0.528978 0.387498 0.695015
0.761659 0.194365 0.322688 -0.237137 0.425326 0.425328 0.762863
0.804092 0.216742 0.287048 -0.245031 0.490058 0.374115 0.748225
0.845593 0.231367 0.244938 -0.249777 0.553335 0.326931 0.724257
0.75434 0.146946 0.349895 -0.189529 0.384424 0.399523 0.810357
0.797682 0.170227 0.320855 -0.19741 0.448961 0.350778 0.797758
0.841506 0.18743 0.283961 -0.203196 0.513921 0.306439 0.775043
0.484468 0.227315 0.281736 -0.492374 0.258264 0.736072 0.38609
0.527585 0.227906 0.301818 -0.445906 0.275586 0.724412 0.447713
0.508847 0.265383 0.259515 -0.500002 0.309019 0.688189 0.425326
0.466618 0.188685 0.299647 -0.483714 0.21117 0.778425 0.339828
0.507062 0.188468 0.320464 -0.436687 0.224867 0.774414 0.398776
0.492771 0.151156 0.333953 -0.428414 0.179457 0.816815 0.342154
0.554552 0.265804 0.278294 -0.454313 0.329346 0.670157 0.485819
0.601389 0.259846 0.294584 -0.40695 0.348902 0.64089 0.549472
0.586438 0.29844 0.251312 -0.460242 0.383049 0.615593 0.512344
0.633709 0.290611 0.266404 -0.414361 0.40335 0.58461 0.569074
0.646067 0.248434 0.307183 -0.360887 0.367527 0.600537 0.611588
0.572739 0.222635 0.31935 -0.396959 0.292813 0.700031 0.516372
0.616478 0.212296 0.332851 -0.348867 0.31011 0.660986 0.587555
0.656061 0.199107 0.341711 -0.30485 0.327897 0.608844 0.654874
0.550164 0.182747 0.338869 -0.38619 0.238679 0.757933 0.46843
0.592242 0.172073 0.353206 -0.335694 0.25303 0.724574 0.546148
0.629939 0.158978 0.362668 -0.289181 0.268853 0.67287 0.62557
0.662151 0.146648 0.367531 -0.249477 0.286999 0.606762 0.69802
0.534176 0.144673 0.352601 -0.37688 0.189638 0.809893 0.40752
0.575108 0.132859 0.367345 -0.323972 0.200226 0.786542 0.48611
0.611106 0.117997 0.377235 -0.274141 0.21241 0.741425 0.574471
0.639886 0.104466 0.382517 -0.231493 0.227864 0.674026 0.663459
0.663212 0.0957806 0.384209 -0.197823 0.247592 0.592038 0.740982
0.4405 0.216859 0.260686 -0.537226 0.234531 0.742504 0.324147
0.425443 0.176218 0.279159 -0.527418 0.187785 0.780592 0.277927
